Name                 | Val 1               | Val 2               | Results             
--------------------------------------------------------------------------------------
Nettle               | 40836               | 6408                | 6.373
Rupert               | 25607               | 1287                | 19.897
Brodie               | 79063               | 5780                | 13.679
Osborne              | 2118                | 7215                | 0.294
Corrie               | 7000                | 1744                | 4.014
Minda                | 42943               | 9775                | 4.393
Ulysses              | 102                 | 7267                | 0.014
Leoline              | 15734               | 1981                | 7.942
Emelyne              | 20238               | 7958                | 2.543
Husain               | 27236               | 511                 | 53.299
Delmar               | 38486               | 138                 | 278.884
Aldous               | 35152               | 5073                | 6.929
Phebe                | 39956               | 8772                | 4.555
Elsbeth              | 17202               | 8577                | 2.006
Alana                | 26236               | 1945                | 13.489
Page                 | 96911               | 3966                | 24.435
