Name                 | Val 1               | Val 2               | Results             
--------------------------------------------------------------------------------------
Ellsworth            | 16056               | 5821                | 2.758
Rhody                | 27485               | 4898                | 5.611
Cthrine              | 50266               | 4226                | 11.894
Kienan               | 62343               | 1621                | 38.460
Mose                 | 78848               | 7417                | 10.631
Rosco                | 53007               | 9490                | 5.586
Cornelius            | 32585               | 5497                | 5.928
Courtenay            | 55688               | 6404                | 8.696
Sabine               | 66857               | 6066                | 11.022
Justine              | 31694               | 6486                | 4.887
Miles                | 20198               | 365                 | 55.337
Valentin             | 46703               | 3623                | 12.891
Ezechiel             | 40789               | 5738                | 7.109
Felipe               | 62331               | 5968                | 10.444
Gnni                 | 57057               | 1563                | 36.505
Filberto             | 72272               | 5339                | 13.537
Jeremy               | 16267               | 1771                | 9.185
Christophe           | 85558               | 5526                | 15.483
Lucina               | 23531               | 6574                | 3.579
Wandis               | 32901               | 946                 | 34.779
Sam                  | 34899               | 5001                | 6.978
Loella               | 40096               | 80                  | 501.200
Goldarina            | 44127               | 5157                | 8.557
Sharron              | 99104               | 7663                | 12.933
Bettye               | 6914                | 687                 | 10.064
Bettine              | 72065               | 7408                | 9.728
Adelaide             | 90955               | 5244                | 17.345
Perren               | 73584               | 9636                | 7.636
Mohammed             | 55060               | 7149                | 7.702
Andrea               | 39022               | 6489                | 6.014
Benedick             | 86328               | 3628                | 23.795
Bridget              | 88413               | 1275                | 69.344
Thorstein            | 92806               | 7306                | 12.703
Udell                | 8593                | 8699                | 0.988
Emalia               | 37897               | 9835                | 3.853
Peyton               | 79884               | 5915                | 13.505
Arron                | 56805               | 3544                | 16.028
Camey                | 16981               | 5571                | 3.048
Weylin               | 32914               | 6009                | 5.477
Alfonse              | 5310                | 2475                | 2.145
Claudia              | 93973               | 4417                | 21.275
Obidiah              | 87295               | 5605                | 15.574
Chevy                | 73225               | 6502                | 11.262
Anne-corinne         | 24034               | 5975                | 4.022
Kenton               | 98246               | 5372                | 18.289
Valeda               | 69761               | 4534                | 15.386
Phedra               | 67463               | 1719                | 39.245
Rosmunda             | 80871               | 122                 | 662.877
Kellina              | 76954               | 5941                | 12.953
Elbertine            | 44942               | 8139                | 5.522
Pembroke             | 24914               | 8012                | 3.110
Adrian               | 26602               | 9481                | 2.806
Theressa             | 36982               | 4409                | 8.388
Odilia               | 19490               | 2821                | 6.909
Lezley               | 22496               | 821                 | 27.401
Vivianna             | 77858               | 9734                | 7.999
Dorothy              | 72877               | 5249                | 13.884
Lin                  | 49603               | 8192                | 6.055
Gussie               | 69716               | 9796                | 7.117
Morissa              | 58285               | 2742                | 21.256
Traci                | 30826               | 209                 | 147.493
Quint                | 74208               | 1798                | 41.273
Denis                | 74326               | 7062                | 10.525
Cale                 | 17548               | 1013                | 17.323
Jeffy                | 83466               | 4567                | 18.276
Lucie                | 24643               | 4069                | 6.056
Fairfax              | 42075               | 9213                | 4.567
Emmye                | 93523               | 5691                | 16.433
Angil                | 40697               | 197                 | 206.584
Della                | 37238               | 8547                | 4.357
Bobby                | 12064               | 5417                | 2.227
Barb                 | 86627               | 3932                | 22.031
Gabriel              | 13371               | 8422                | 1.588
Bernie               | 17453               | 6696                | 2.606
Louisette            | 5768                | 4699                | 1.227
Claudelle            | 82021               | 5997                | 13.677
Cristy               | 2693                | 1920                | 1.403
Agace                | 85201               | 6822                | 12.489
Farley               | 24386               | 4937                | 4.939
Jere                 | 10198               | 5933                | 1.719
Phil                 | 55958               | 9989                | 5.602
Dwayne               | 1111                | 1792                | 0.620
Rebekkah             | 83197               | 6646                | 12.518
Octavius             | 65752               | 6888                | 9.546
Elsa                 | 33161               | 2437                | 13.607
Moll                 | 30881               | 8196                | 3.768
Ewart                | 56541               | 2092                | 27.027
Levey                | 14935               | 1502                | 9.943
Kyle                 | 12437               | 2860                | 4.349
Dasha                | 42527               | 4408                | 9.648
Martita              | 18228               | 8633                | 2.111
El                   | 49612               | 3212                | 15.446
Ruprecht             | 18177               | 5471                | 3.322
Cleopatra            | 90987               | 5886                | 15.458
Livvyy               | 89144               | 8152                | 10.935
Archer               | 3030                | 5256                | 0.576
Vanya                | 76205               | 2856                | 26.682
Ludvig               | 69207               | 6326                | 10.940
Effie                | 79908               | 1112                | 71.860
Khalil               | 35923               | 1965                | 18.281
Cleon                | 14230               | 5849                | 2.433
Vonny                | 26793               | 1633                | 16.407
Constanta            | 54463               | 1038                | 52.469
Dare                 | 75083               | 8627                | 8.703
Evered               | 7646                | 4120                | 1.856
Marietta             | 35013               | 8332                | 4.202
Josefina             | 72538               | 6170                | 11.757
Vitoria              | 30319               | 9632                | 3.148
Crissie              | 91010               | 5654                | 16.097
Elane                | 71420               | 6754                | 10.574
Conni                | 87895               | 8244                | 10.662
Joly                 | 16276               | 5532                | 2.942
Win                  | 31541               | 8843                | 3.567
Roselia              | 72762               | 5707                | 12.750
Maxy                 | 78970               | 6584                | 11.994
Betti                | 58937               | 8389                | 7.026
Callean              | 30999               | 8916                | 3.477
Gardie               | 2450                | 3126                | 0.784
Devondra             | 67450               | 400                 | 168.625
Allegra              | 98593               | 6068                | 16.248
Sally                | 81485               | 1355                | 60.137
Happy                | 10408               | 5976                | 1.742
Mable                | 42882               | 6301                | 6.806
Jemie                | 80169               | 2735                | 29.312
Padgett              | 39551               | 5073                | 7.796
Lauryn               | 26248               | 5609                | 4.680
Roddy                | 7127                | 3002                | 2.374
Katy                 | 56049               | 6850                | 8.182
Domeniga             | 86517               | 7730                | 11.192
Georgia              | 77732               | 3146                | 24.708
Jules                | 27902               | 342                 | 81.585
Gauthier             | 44357               | 2328                | 19.054
Ana                  | 83747               | 4163                | 20.117
Emilie               | 14081               | 3216                | 4.378
Derby                | 8399                | 3146                | 2.670
Sandy                | 6873                | 5603                | 1.227
Isidro               | 2263                | 7203                | 0.314
Delphine             | 55141               | 3579                | 15.407
Freida               | 37824               | 2191                | 17.263
Levi                 | 15794               | 7830                | 2.017
Wynn                 | 29509               | 7285                | 4.051
Merle                | 38190               | 433                 | 88.199
Jaquelin             | 35621               | 9726                | 3.662
Aindrea              | 96870               | 1250                | 77.496
Matteo               | 70935               | 1447                | 49.022
Rafaelita            | 84187               | 1503                | 56.013
Darnall              | 47115               | 849                 | 55.495
Panchito             | 63924               | 1072                | 59.631
Lenette              | 88076               | 8012                | 10.993
Ludovico             | 37339               | 5634                | 6.627
Fred                 | 84532               | 6619                | 12.771
Seka                 | 31970               | 5694                | 5.615
Chas                 | 21414               | 9222                | 2.322
Ernestine            | 81720               | 983                 | 83.133
Clarence             | 48246               | 6739                | 7.159
Esteban              | 42751               | 220                 | 194.323
Hobey                | 36675               | 3053                | 12.013
Ruby                 | 73461               | 5624                | 13.062
Michelle             | 58364               | 7422                | 7.864
Roman                | 10620               | 7322                | 1.450
Caye                 | 88431               | 7263                | 12.176
Gay                  | 92479               | 6453                | 14.331
Candida              | 5667                | 5116                | 1.108
Annette              | 42314               | 884                 | 47.867
Shannah              | 74542               | 6958                | 10.713
Auberon              | 52611               | 3308                | 15.904
Petey                | 61606               | 439                 | 140.333
Travers              | 70159               | 8534                | 8.221
Clair                | 95112               | 6748                | 14.095
Jervis               | 10324               | 4115                | 2.509
Holden               | 77131               | 1531                | 50.379
Constantia           | 8687                | 8724                | 0.996
Susanne              | 21273               | 4062                | 5.237
Mortie               | 70792               | 6021                | 11.758
Jameson              | 31662               | 803                 | 39.430
Tammy                | 66628               | 8926                | 7.464
Mitchael             | 47489               | 3864                | 12.290
Hyacinthie           | 28345               | 47                  | 603.085
Lura                 | 12930               | 8662                | 1.493
Joly                 | 60159               | 6655                | 9.040
Caressa              | 72349               | 6185                | 11.697
Minny                | 75127               | 3681                | 20.409
Marjorie             | 89600               | 4590                | 19.521
Fidelia              | 53581               | 8540                | 6.274
Ardra                | 53364               | 7323                | 7.287
Kally                | 91197               | 9060                | 10.066
Ceil                 | 34266               | 9949                | 3.444
Garv                 | 40957               | 7527                | 5.441
Ab                   | 60491               | 987                 | 61.288
Lynde                | 98140               | 1265                | 77.581
Tani                 | 24692               | 5527                | 4.468
Denyse               | 47103               | 4714                | 9.992
Anne-marie           | 78107               | 2498                | 31.268
Juliane              | 33198               | 4281                | 7.755
Giuditta             | 47710               | 9329                | 5.114
Marlene              | 26563               | 1805                | 14.716
Lina                 | 57804               | 1532                | 37.731
Coletta              | 52760               | 3281                | 16.080
Hedi                 | 8491                | 7504                | 1.132
Sloane               | 14142               | 2554                | 5.537
Wit                  | 7360                | 5430                | 1.355
Moreen               | 37938               | 9876                | 3.841
Janela               | 6064                | 8581                | 0.707
Caterina             | 85542               | 6683                | 12.800
Tull                 | 78652               | 9216                | 8.534
Waylon               | 14559               | 2845                | 5.117
Hunter               | 65368               | 5464                | 11.963
Stace                | 61214               | 9145                | 6.694
Adeline              | 94712               | 500                 | 189.424
Hobart               | 64805               | 9966                | 6.503
Brigitta             | 19932               | 1831                | 10.886
Latisha              | 5492                | 2796                | 1.964
Morrie               | 18849               | 3447                | 5.468
Jayson               | 68467               | 5850                | 11.704
Rancell              | 59575               | 7718                | 7.719
Hercules             | 36405               | 7446                | 4.889
Ellsworth            | 32439               | 1490                | 21.771
Neddie               | 75696               | 3137                | 24.130
Dillon               | 81979               | 4595                | 17.841
Garold               | 58882               | 1719                | 34.254
Giorgia              | 92987               | 577                 | 161.156
Ilse                 | 24427               | 2312                | 10.565
Clayborn             | 22885               | 6307                | 3.629
Orrin                | 17647               | 7272                | 2.427
Danica               | 50054               | 5535                | 9.043
Chrissie             | 10248               | 109                 | 94.018
Austen               | 8148                | 5295                | 1.539
Eric                 | 57415               | 8959                | 6.409
Candice              | 31444               | 7295                | 4.310
Barr                 | 52534               | 9752                | 5.387
Lethia               | 70387               | 7194                | 9.784
Layney               | 17218               | 2775                | 6.205
Mikol                | 96917               | 8885                | 10.908
Anissa               | 25636               | 2912                | 8.804
Joice                | 8208                | 9425                | 0.871
Sebastien            | 31790               | 8519                | 3.732
Mureil               | 77631               | 8553                | 9.076
Hollyanne            | 11807               | 1727                | 6.837
Scarlett             | 26728               | 9187                | 2.909
Corri                | 26807               | 1319                | 20.324
Allie                | 16347               | 6971                | 2.345
Nathanil             | 23812               | 3063                | 7.774
Alice                | 99484               | 5770                | 17.242
Dolph                | 47848               | 1344                | 35.601
Aldo                 | 77191               | 4354                | 17.729
Bar                  | 91822               | 2757                | 33.305
Latrina              | 79213               | 112                 | 707.259
Liva                 | 90967               | 8799                | 10.338
Odell                | 19533               | 5167                | 3.780
Anatollo             | 30299               | 3422                | 8.854
Hersch               | 92369               | 6443                | 14.336
Kym                  | 11850               | 9060                | 1.308
Ritchie              | 9043                | 931                 | 9.713
Phoebe               | 83346               | 2218                | 37.577
Corrie               | 93814               | 9344                | 10.040
Marice               | 12919               | 1927                | 6.704
Ragnar               | 39344               | 7337                | 5.362
Raddy                | 8509                | 4833                | 1.761
Wilhelmine           | 21683               | 6952                | 3.119
Marthe               | 40719               | 4403                | 9.248
Florie               | 12584               | 1720                | 7.316
Stanford             | 52177               | 2831                | 18.431
Archaimbaud          | 78908               | 90                  | 876.756
Luisa                | 30457               | 73                  | 417.219
Jocelin              | 17743               | 883                 | 20.094
Dewey                | 70091               | 8395                | 8.349
Codi                 | 88255               | 8169                | 10.804
Etan                 | 39799               | 1326                | 30.014
Trever               | 1423                | 5879                | 0.242
Patin                | 60408               | 943                 | 64.059
Lulita               | 27678               | 6460                | 4.285
Michelle             | 82147               | 4814                | 17.064
Catlaina             | 63839               | 7437                | 8.584
Harlen               | 5672                | 9305                | 0.610
Jeddy                | 55668               | 6761                | 8.234
Alexandr             | 85452               | 2713                | 31.497
Jessey               | 61083               | 2024                | 30.179
Anallise             | 5959                | 8728                | 0.683
Nolie                | 56025               | 613                 | 91.395
Olympe               | 88747               | 6239                | 14.225
Eustacia             | 79380               | 8610                | 9.220
Laurens              | 58633               | 8516                | 6.885
Violet               | 83421               | 4062                | 20.537
Nicoli               | 91830               | 8915                | 10.301
Hervey               | 4744                | 5977                | 0.794
Carey                | 68421               | 16                  | 4276.313
Marsiella            | 2589                | 3254                | 0.796
Nertie               | 89929               | 902                 | 99.700
Dorolice             | 14863               | 2000                | 7.432
Giorgi               | 70351               | 3574                | 19.684
Murial               | 46578               | 7867                | 5.921
Amabel               | 51390               | 6189                | 8.303
Cecil                | 92967               | 3912                | 23.765
Cordelie             | 78992               | 2639                | 29.933
Mannie               | 41688               | 2215                | 18.821
Imogene              | 23344               | 359                 | 65.025
Chrotoem             | 50062               | 1951                | 25.660
Phillis              | 45519               | 4309                | 10.564
Ezmeralda            | 25311               | 5945                | 4.258
Flin                 | 55832               | 4097                | 13.628
Betti                | 98529               | 4557                | 21.621
Aron                 | 55073               | 6115                | 9.006
Ichabod              | 23346               | 493                 | 47.355
Jeni                 | 40415               | 6266                | 6.450
Marylin              | 89611               | 591                 | 151.626
Abbot                | 62482               | 4399                | 14.204
Otha                 | 49069               | 7759                | 6.324
Hewitt               | 34498               | 286                 | 120.622
Swen                 | 27280               | 7909                | 3.449
Don                  | 83612               | 9272                | 9.018
Kata                 | 94886               | 719                 | 131.969
Brenden              | 30640               | 1512                | 20.265
Theodore             | 71485               | 7332                | 9.750
Fredericka           | 91297               | 4917                | 18.568
Fiann                | 80530               | 5620                | 14.329
Ruggiero             | 16835               | 3314                | 5.080
Celestyna            | 38222               | 1191                | 32.092
Felike               | 49082               | 3472                | 14.137
Ashlen               | 61019               | 9630                | 6.336
Claudell             | 93203               | 4619                | 20.178
Rhona                | 99580               | 2213                | 44.998
Germaine             | 51500               | 3925                | 13.121
Olivia               | 63461               | 5609                | 11.314
Torin                | 70026               | 8325                | 8.412
Rossie               | 69243               | 5332                | 12.986
Jonah                | 34944               | 5847                | 5.976
Gabbi                | 39704               | 6310                | 6.292
Morgun               | 14256               | 531                 | 26.847
Latashia             | 89423               | 8605                | 10.392
Gates                | 37957               | 4175                | 9.091
Helsa                | 99957               | 4008                | 24.939
Patricio             | 83604               | 6270                | 13.334
Mersey               | 36335               | 5140                | 7.069
Rurik                | 59346               | 5891                | 10.074
King                 | 13116               | 2777                | 4.723
Dionysus             | 92116               | 1020                | 90.310
Rossie               | 76978               | 6439                | 11.955
Nelie                | 33714               | 9264                | 3.639
Nealon               | 58921               | 6365                | 9.257
Dacie                | 51387               | 1217                | 42.224
Carlos               | 76697               | 1820                | 42.141
Ryann                | 60457               | 7790                | 7.761
Brandais             | 33741               | 5844                | 5.774
Haleigh              | 33970               | 3187                | 10.659
Sydel                | 39414               | 9342                | 4.219
Daryl                | 51554               | 7299                | 7.063
Joseph               | 20054               | 3140                | 6.387
Shadow               | 44738               | 107                 | 418.112
Tonya                | 86699               | 4540                | 19.097
Zarla                | 34954               | 8059                | 4.337
Jacki                | 15678               | 9758                | 1.607
Jerome               | 45754               | 4449                | 10.284
Domenico             | 3917                | 5904                | 0.663
Nora                 | 13251               | 1406                | 9.425
Heda                 | 56261               | 6179                | 9.105
Baird                | 905                 | 9761                | 0.093
Clara                | 76738               | 307                 | 249.961
Tanya                | 84477               | 9961                | 8.481
Mattie               | 64724               | 4120                | 15.710
Jaquenetta           | 65430               | 8045                | 8.133
Herve                | 44434               | 1529                | 29.061
Ester                | 14317               | 735                 | 19.479
Agata                | 30724               | 6100                | 5.037
Maxie                | 72586               | 9348                | 7.765
Axel                 | 44778               | 2965                | 15.102
Jillie               | 81759               | 2209                | 37.012
Wren                 | 16435               | 8723                | 1.884
Coleen               | 49662               | 8694                | 5.712
Kiah                 | 92085               | 7021                | 13.116
Fae                  | 2769                | 4839                | 0.572
Clyde                | 22199               | 6579                | 3.374
Holly                | 8700                | 125                 | 69.600
Revkah               | 72672               | 2338                | 31.083
Olav                 | 64750               | 5896                | 10.982
Sibbie               | 14921               | 5708                | 2.614
Jocelyn              | 60695               | 2276                | 26.667
Carmina              | 55194               | 6873                | 8.031
Courtnay             | 31987               | 8150                | 3.925
Michal               | 28863               | 5518                | 5.231
Rudie                | 65912               | 592                 | 111.338
Harmony              | 6158                | 5030                | 1.224
Augusta              | 6740                | 2242                | 3.006
Carey                | 69625               | 8408                | 8.281
Ag                   | 77146               | 8877                | 8.691
Wanda                | 19723               | 8411                | 2.345
Free                 | 6042                | 2472                | 2.444
Brunhilda            | 63442               | 4857                | 13.062
Jeanette             | 4169                | 4670                | 0.893
Rem                  | 42048               | 4630                | 9.082
Zuzana               | 20101               | 684                 | 29.387
Dehlia               | 97388               | 9125                | 10.673
Alanson              | 12180               | 2954                | 4.123
Sharyl               | 25606               | 7026                | 3.644
Terence              | 68199               | 1138                | 59.929
Peta                 | 3517                | 7860                | 0.447
Maudie               | 83864               | 2559                | 32.772
Mallory              | 76712               | 3467                | 22.126
Curry                | 18772               | 39                  | 481.333
Katrina              | 56844               | 7522                | 7.557
Terry                | 38993               | 9598                | 4.063
Ody                  | 52528               | 1410                | 37.254
Regina               | 65431               | 4483                | 14.595
Arda                 | 57034               | 4814                | 11.848
Thalia               | 39147               | 3030                | 12.920
Tiebout              | 70451               | 3621                | 19.456
Laverna              | 17590               | 8608                | 2.043
Jodi                 | 97672               | 4952                | 19.724
Rowney               | 56704               | 535                 | 105.989
Gerrie               | 69448               | 2526                | 27.493
Gwyn                 | 74235               | 3363                | 22.074
Renae                | 73698               | 996                 | 73.994
Flora                | 50215               | 4412                | 11.381
Lanny                | 4620                | 870                 | 5.310
Creigh               | 37167               | 4369                | 8.507
Wendeline            | 34273               | 8648                | 3.963
Freddie              | 32987               | 9244                | 3.568
Tobit                | 30802               | 8247                | 3.735
Elspeth              | 96131               | 2513                | 38.253
Drud                 | 65098               | 5373                | 12.116
Kipp                 | 29329               | 9539                | 3.075
Aaren                | 95046               | 8989                | 10.574
Mattias              | 37030               | 6976                | 5.308
Holden               | 88114               | 5124                | 17.196
Raquela              | 91503               | 9781                | 9.355
Valentina            | 14551               | 3521                | 4.133
Hermia               | 77926               | 5493                | 14.186
Adria                | 60150               | 1668                | 36.061
Serge                | 14200               | 1448                | 9.807
Michelle             | 17265               | 8577                | 2.013
Harris               | 69667               | 8889                | 7.837
Rois                 | 22603               | 9941                | 2.274
Berkeley             | 23519               | 940                 | 25.020
Jilly                | 81463               | 5598                | 14.552
Kiah                 | 69695               | 1321                | 52.759
Dave                 | 63987               | 584                 | 109.567
Harcourt             | 53458               | 4091                | 13.067
Vincents             | 13                  | 2174                | 0.006
Michal               | 16108               | 3825                | 4.211
Gelya                | 43145               | 220                 | 196.114
Marc                 | 22003               | 2342                | 9.395
Alma                 | 61994               | 4922                | 12.595
Amery                | 48015               | 931                 | 51.574
Priscella            | 44032               | 1546                | 28.481
Cornall              | 35859               | 7173                | 4.999
Cobby                | 62425               | 9892                | 6.311
Konstance            | 55205               | 6220                | 8.875
Pate                 | 96744               | 8089                | 11.960
Ilyse                | 79750               | 8580                | 9.295
Lemuel               | 96162               | 2268                | 42.399
Boris                | 21242               | 9178                | 2.314
Floris               | 19749               | 7013                | 2.816
Elisabetta           | 9763                | 8141                | 1.199
Julissa              | 59158               | 2781                | 21.272
Caressa              | 24390               | 5153                | 4.733
Bev                  | 86046               | 6334                | 13.585
Gisela               | 95013               | 3806                | 24.964
Matthieu             | 41987               | 855                 | 49.108
Chiquia              | 73408               | 6250                | 11.745
Emlyn                | 72207               | 9784                | 7.380
Noble                | 85583               | 9926                | 8.622
Stefania             | 21890               | 2779                | 7.877
Sol                  | 51933               | 5090                | 10.203
Melicent             | 29258               | 8895                | 3.289
Gabriela             | 58288               | 7736                | 7.535
Alysia               | 22718               | 2825                | 8.042
Kasey                | 60216               | 5564                | 10.822
Melania              | 65470               | 7940                | 8.246
Alexis               | 9126                | 5699                | 1.601
Maddie               | 42885               | 7174                | 5.978
Justino              | 12330               | 3386                | 3.641
Rachel               | 98337               | 9533                | 10.315
Courtnay             | 89247               | 3000                | 29.749
Guillema             | 48863               | 6332                | 7.717
Kleon                | 32526               | 6036                | 5.389
Susan                | 66444               | 3210                | 20.699
Hayyim               | 46146               | 4982                | 9.263
Gaspard              | 96337               | 4359                | 22.101
Tabbie               | 76242               | 8007                | 9.522
Bronnie              | 34934               | 9293                | 3.759
Layney               | 9674                | 3001                | 3.224
Cirillo              | 56832               | 1254                | 45.321
Carmel               | 23049               | 589                 | 39.132
Ronald               | 60927               | 9078                | 6.712
Herb                 | 23140               | 370                 | 62.541
Jocelyne             | 77856               | 708                 | 109.966
Riki                 | 83813               | 1474                | 56.861
Marjy                | 68355               | 3948                | 17.314
Huntlee              | 62521               | 2218                | 28.188
Aubry                | 55205               | 3084                | 17.900
Alvina               | 78374               | 2524                | 31.052
Pembroke             | 26548               | 9606                | 2.764
Myer                 | 90013               | 8085                | 11.133
Cosetta              | 49348               | 3884                | 12.705
Linoel               | 39435               | 943                 | 41.819
Junie                | 72304               | 1585                | 45.618
Cathie               | 7006                | 672                 | 10.426
Baudoin              | 76884               | 5027                | 15.294
Denys                | 93596               | 8049                | 11.628
Nerti                | 30827               | 5904                | 5.221
Roxanne              | 85266               | 9821                | 8.682
Morton               | 67123               | 2103                | 31.918
Jemimah              | 26257               | 4699                | 5.588
Gray                 | 16093               | 7756                | 2.075
Aubrie               | 22936               | 9393                | 2.442
Grannie              | 77057               | 9670                | 7.969
Anneliese            | 73390               | 1543                | 47.563
Karissa              | 22182               | 1126                | 19.700
Miltie               | 83200               | 7982                | 10.423
Fidelity             | 11455               | 4216                | 2.717
Roselia              | 84299               | 1354                | 62.259
Wilfred              | 94591               | 3217                | 29.403
Bertrando            | 94811               | 3888                | 24.386
Theo                 | 6508                | 409                 | 15.912
Wendye               | 4383                | 1172                | 3.740
Belinda              | 44515               | 3070                | 14.500
Jerry                | 21935               | 6828                | 3.213
Albertina            | 459                 | 9982                | 0.046
Anna                 | 66940               | 2952                | 22.676
Rees                 | 15580               | 7814                | 1.994
Cobbie               | 36798               | 3404                | 10.810
Lev                  | 39660               | 7798                | 5.086
Lesley               | 72894               | 217                 | 335.917
Arnie                | 92514               | 7728                | 11.971
Trish                | 58182               | 5450                | 10.676
Teador               | 94016               | 353                 | 266.334
Regen                | 50177               | 542                 | 92.577
Gregoor              | 495                 | 7527                | 0.066
Dayle                | 24670               | 280                 | 88.107
Sallie               | 83960               | 1697                | 49.476
Lanette              | 20227               | 8654                | 2.337
Tuckie               | 32572               | 7287                | 4.470
Artemis              | 86836               | 678                 | 128.077
Nikolos              | 1404                | 3310                | 0.424
Adina                | 2632                | 8220                | 0.320
Dix                  | 96603               | 1161                | 83.207
Rosella              | 44078               | 6367                | 6.923
Shannah              | 97875               | 4391                | 22.290
Quinn                | 21266               | 5447                | 3.904
Berget               | 65339               | 5682                | 11.499
Thaddeus             | 93550               | 7538                | 12.410
Heddi                | 69880               | 5779                | 12.092
Cristian             | 3230                | 7171                | 0.450
Shelby               | 72241               | 8968                | 8.055
Wynn                 | 28271               | 1855                | 15.240
Ellerey              | 13361               | 5746                | 2.325
Bram                 | 9189                | 882                 | 10.418
Neill                | 44355               | 9536                | 4.651
Fiann                | 75249               | 5229                | 14.391
Kaiser               | 10855               | 3982                | 2.726
Rinaldo              | 63126               | 5109                | 12.356
Barn                 | 83334               | 5468                | 15.240
Clem                 | 32822               | 983                 | 33.390
Tye                  | 79559               | 3982                | 19.980
Maggi                | 80598               | 5168                | 15.596
Gayla                | 91444               | 4841                | 18.889
Tiena                | 12516               | 4714                | 2.655
Nels                 | 54389               | 4128                | 13.176
Ossie                | 33235               | 3410                | 9.746
Leeanne              | 17171               | 8545                | 2.009
Shaine               | 76714               | 3624                | 21.168
Nealson              | 40941               | 2794                | 14.653
Nathan               | 42105               | 3319                | 12.686
Sheila-kathryn       | 90984               | 9525                | 9.552
Clark                | 57527               | 6703                | 8.582
Jamil                | 92140               | 6376                | 14.451
Herminia             | 37527               | 3384                | 11.090
Lamont               | 49907               | 6060                | 8.235
Ami                  | 75510               | 1315                | 57.422
Henrietta            | 7069                | 36                  | 196.361
Raffaello            | 3370                | 1154                | 2.920
Dalt                 | 54342               | 9244                | 5.879
Jerad                | 2362                | 5552                | 0.425
Izzy                 | 88361               | 9390                | 9.410
Artie                | 34889               | 3758                | 9.284
Lalo                 | 20479               | 7022                | 2.916
Teodoor              | 53602               | 557                 | 96.233
Haily                | 57215               | 9184                | 6.230
Glen                 | 54692               | 579                 | 94.459
Ase                  | 85990               | 1888                | 45.546
Margy                | 95442               | 3962                | 24.089
Verene               | 82885               | 3512                | 23.601
Jeniece              | 38358               | 8805                | 4.356
Alana                | 63831               | 5210                | 12.252
Gwendolin            | 26025               | 1160                | 22.435
Almeda               | 73086               | 4376                | 16.702
Rosella              | 44856               | 3826                | 11.724
Buddy                | 56054               | 9961                | 5.627
Theresita            | 27000               | 9753                | 2.768
Nikolas              | 48175               | 2226                | 21.642
Renado               | 13282               | 8492                | 1.564
Tildie               | 20693               | 2780                | 7.444
Daniele              | 93275               | 5326                | 17.513
Brendin              | 50190               | 4884                | 10.276
Minny                | 6481                | 1843                | 3.517
Evonne               | 36389               | 1216                | 29.925
Alfonse              | 6839                | 5759                | 1.188
Hazel                | 5319                | 1885                | 2.822
Jacquie              | 75720               | 2016                | 37.560
Rosamund             | 56526               | 5384                | 10.499
Gennie               | 69003               | 8468                | 8.149
Raymond              | 66557               | 7099                | 9.376
Kiley                | 5750                | 6615                | 0.869
Charity              | 80853               | 3879                | 20.844
Holly                | 97699               | 6491                | 15.051
Yalonda              | 91395               | 3852                | 23.727
Karita               | 13864               | 9089                | 1.525
Virginie             | 92565               | 9166                | 10.099
Phelia               | 9979                | 1872                | 5.331
Faulkner             | 75663               | 2381                | 31.778
Demetris             | 89321               | 3749                | 23.825
Ryann                | 8536                | 5808                | 1.470
Dominick             | 15737               | 459                 | 34.285
Evangelia            | 34270               | 2545                | 13.466
Bruis                | 55639               | 9049                | 6.149
Aurlie               | 3125                | 4987                | 0.627
Pietra               | 60261               | 8540                | 7.056
Lory                 | 53278               | 4806                | 11.086
Harlene              | 91338               | 9640                | 9.475
Ferdinanda           | 44870               | 4088                | 10.976
Hendrick             | 61305               | 7788                | 7.872
Murry                | 64321               | 895                 | 71.867
Blinny               | 4231                | 2454                | 1.724
Agatha               | 69553               | 208                 | 334.389
Odelle               | 36776               | 169                 | 217.609
Hilario              | 21150               | 6990                | 3.026
Brena                | 86319               | 2090                | 41.301
Wilt                 | 56085               | 8062                | 6.957
Rori                 | 36202               | 4181                | 8.659
Aristotle            | 89614               | 3857                | 23.234
Marin                | 3740                | 1623                | 2.304
Justinian            | 34112               | 9477                | 3.599
Kiele                | 82135               | 2469                | 33.267
Teodoor              | 74416               | 743                 | 100.156
Lynnell              | 1752                | 4389                | 0.399
Ailbert              | 12112               | 674                 | 17.970
Reeva                | 96369               | 1134                | 84.981
Whitby               | 32036               | 9095                | 3.522
Liana                | 6761                | 9523                | 0.710
Tailor               | 74540               | 9398                | 7.931
Shawna               | 9745                | 6250                | 1.559
Jimmy                | 3211                | 7815                | 0.411
Birk                 | 40662               | 6585                | 6.175
Broddy               | 87169               | 9385                | 9.288
Nedi                 | 85228               | 1721                | 49.522
Jorrie               | 14973               | 4450                | 3.365
Sanders              | 40904               | 2711                | 15.088
Fran                 | 64597               | 5480                | 11.788
Hannah               | 68723               | 9704                | 7.082
Urbain               | 88993               | 5315                | 16.744
Katey                | 55302               | 7569                | 7.306
Nealy                | 33842               | 6061                | 5.584
Elane                | 57152               | 994                 | 57.497
Lilyan               | 48055               | 7297                | 6.586
Gabby                | 13944               | 9541                | 1.461
Teri                 | 15723               | 2618                | 6.006
Artur                | 51070               | 9014                | 5.666
Phylys               | 59598               | 7658                | 7.782
Tanya                | 16721               | 1456                | 11.484
Sioux                | 92650               | 9040                | 10.249
Lanita               | 64687               | 8711                | 7.426
Vivie                | 57020               | 1423                | 40.070
Urbano               | 81139               | 1123                | 72.252
Cullen               | 69858               | 2056                | 33.978
Isidor               | 66294               | 2341                | 28.319
Corene               | 77219               | 2241                | 34.457
Gretna               | 86261               | 1437                | 60.029
Swen                 | 20063               | 4905                | 4.090
Matthew              | 44311               | 7460                | 5.940
Aprilette            | 72666               | 4383                | 16.579
Ella                 | 74876               | 5855                | 12.788
Nanete               | 81279               | 2904                | 27.989
Adorne               | 36852               | 1730                | 21.302
Britta               | 3694                | 9366                | 0.394
Brittne              | 32061               | 8026                | 3.995
Maryjo               | 28399               | 1518                | 18.708
Odell                | 4120                | 2986                | 1.380
Benny                | 72752               | 9250                | 7.865
Fairlie              | 76688               | 7211                | 10.635
Trudey               | 80966               | 966                 | 83.816
Pauly                | 22583               | 432                 | 52.275
Hildagarde           | 25854               | 4259                | 6.070
Sande                | 83165               | 4696                | 17.710
Norris               | 49029               | 7203                | 6.807
Lianna               | 18493               | 9798                | 1.887
Pam                  | 37487               | 7991                | 4.691
Elnar                | 55544               | 752                 | 73.862
Taite                | 89075               | 2188                | 40.711
Rasla                | 2514                | 1094                | 2.298
Isobel               | 30778               | 7327                | 4.201
Meyer                | 37488               | 5363                | 6.990
Ellen                | 14271               | 5530                | 2.581
Brenna               | 42453               | 3262                | 13.014
Claudian             | 14394               | 6487                | 2.219
Aluino               | 31029               | 7529                | 4.121
Sax                  | 15057               | 1282                | 11.745
Florentia            | 90449               | 9863                | 9.171
Perri                | 64702               | 9950                | 6.503
Georgetta            | 77237               | 4780                | 16.158
Bart                 | 12485               | 4506                | 2.771
Scarlett             | 72269               | 642                 | 112.569
Dulsea               | 66158               | 7405                | 8.934
Maximo               | 47139               | 8486                | 5.555
Danie                | 9113                | 6273                | 1.453
Ddene                | 44008               | 3912                | 11.249
Madeline             | 86003               | 8373                | 10.271
Clemence             | 19819               | 8098                | 2.447
Elka                 | 87092               | 5919                | 14.714
Junia                | 41039               | 8009                | 5.124
Freedman             | 61732               | 1371                | 45.027
Jean                 | 64096               | 1313                | 48.816
Carly                | 1675                | 81                  | 20.679
Steve                | 41677               | 4295                | 9.704
Genvieve             | 6114                | 8345                | 0.733
Clarance             | 53649               | 6955                | 7.714
Huey                 | 78050               | 6343                | 12.305
Nessy                | 61482               | 8800                | 6.987
Oran                 | 60011               | 7393                | 8.117
Mel                  | 48232               | 3074                | 15.690
Bernadina            | 96984               | 7170                | 13.526
Julio                | 77989               | 211                 | 369.616
Derrik               | 16739               | 687                 | 24.365
Cornelius            | 63757               | 542                 | 117.633
Rory                 | 71835               | 5993                | 11.986
Jeanne               | 65633               | 3017                | 21.754
Reeta                | 89731               | 9625                | 9.323
Pasquale             | 22345               | 4464                | 5.006
Natala               | 74414               | 2497                | 29.801
Clovis               | 92978               | 8617                | 10.790
Giffy                | 7986                | 9592                | 0.833
Leon                 | 97320               | 328                 | 296.707
Arvie                | 94347               | 1159                | 81.404
Belva                | 65795               | 2290                | 28.731
Audie                | 10384               | 3916                | 2.652
Misty                | 34603               | 3950                | 8.760
Gussi                | 4828                | 5119                | 0.943
Reinold              | 45374               | 2621                | 17.312
Vidovic              | 38730               | 2798                | 13.842
Bree                 | 94029               | 9340                | 10.067
Sheffield            | 43965               | 7586                | 5.796
Maryrose             | 18793               | 8682                | 2.165
Caron                | 81865               | 7136                | 11.472
Sabine               | 27644               | 7015                | 3.941
Miran                | 27091               | 4754                | 5.699
Franciska            | 12856               | 6508                | 1.975
Joane                | 94050               | 618                 | 152.184
Siobhan              | 1984                | 4824                | 0.411
Gerald               | 60271               | 9739                | 6.189
Avram                | 61477               | 3791                | 16.217
Granville            | 82595               | 3655                | 22.598
Durante              | 24203               | 856                 | 28.275
Diandra              | 85777               | 462                 | 185.665
Penrod               | 66790               | 683                 | 97.789
Cortney              | 47112               | 7602                | 6.197
Sallie               | 56571               | 489                 | 115.687
Ninetta              | 84073               | 4925                | 17.071
Peyton               | 49558               | 7778                | 6.372
Carmon               | 16900               | 2245                | 7.528
Gardiner             | 70482               | 7445                | 9.467
Belva                | 17006               | 2730                | 6.229
Carrol               | 29473               | 7383                | 3.992
Christian            | 26449               | 6619                | 3.996
Sharl                | 30194               | 3066                | 9.848
Marianne             | 68212               | 8422                | 8.099
Jaime                | 3759                | 7242                | 0.519
Erastus              | 98614               | 2134                | 46.211
Flore                | 49239               | 5522                | 8.917
Gregoire             | 52517               | 1215                | 43.224
Westley              | 15355               | 7467                | 2.056
Lyell                | 76754               | 1218                | 63.016
Cassi                | 49318               | 6879                | 7.169
Lin                  | 10951               | 8633                | 1.269
Mechelle             | 69797               | 4604                | 15.160
Nickolas             | 21038               | 3781                | 5.564
Corbett              | 55127               | 8944                | 6.164
Crissy               | 1691                | 4045                | 0.418
Muhammad             | 2937                | 5067                | 0.580
Carol                | 82344               | 13                  | 6334.154
Carling              | 52280               | 7732                | 6.762
Dunc                 | 8251                | 2503                | 3.296
Stephan              | 54831               | 4935                | 11.111
Linzy                | 52388               | 4259                | 12.301
Reta                 | 41620               | 9534                | 4.365
Melisse              | 80232               | 9471                | 8.471
Annette              | 89422               | 1469                | 60.873
Grady                | 11291               | 4166                | 2.710
Rebbecca             | 94818               | 733                 | 129.356
Eduino               | 24244               | 2078                | 11.667
Gay                  | 45663               | 3195                | 14.292
Marge                | 43755               | 5839                | 7.494
Kaleena              | 18850               | 8300                | 2.271
Ewell                | 42806               | 8490                | 5.042
Bertrand             | 36202               | 246                 | 147.163
Shanie               | 44276               | 6859                | 6.455
Katerine             | 76763               | 4201                | 18.273
Milty                | 8532                | 2972                | 2.871
Annamaria            | 34379               | 8643                | 3.978
Josee                | 78909               | 6316                | 12.494
Lorianne             | 86593               | 990                 | 87.468
Kippie               | 43014               | 5219                | 8.242
Allard               | 72360               | 9971                | 7.257
Neysa                | 92233               | 748                 | 123.306
Rosalynd             | 97397               | 7153                | 13.616
Idalia               | 88277               | 1837                | 48.055
Nye                  | 94117               | 94                  | 1001.245
Gaynor               | 15037               | 4565                | 3.294
Ibbie                | 88783               | 8938                | 9.933
Lorilee              | 68310               | 8116                | 8.417
Mitchael             | 88523               | 2752                | 32.167
Giulio               | 48787               | 6614                | 7.376
Brig                 | 50740               | 2065                | 24.571
Harcourt             | 11709               | 3371                | 3.473
Kitty                | 97561               | 6762                | 14.428
Vally                | 30262               | 8788                | 3.444
Teodor               | 99461               | 8649                | 11.500
Raf                  | 3396                | 6053                | 0.561
Alfonso              | 26631               | 9843                | 2.706
Sigismondo           | 70634               | 8830                | 7.999
Wells                | 15363               | 1020                | 15.062
Theodoric            | 57660               | 8926                | 6.460
Eugenia              | 81999               | 7300                | 11.233
Emlyn                | 68679               | 6762                | 10.157
Natividad            | 30344               | 9149                | 3.317
Jonathon             | 26971               | 8717                | 3.094
Alyosha              | 2335                | 1536                | 1.520
Tori                 | 31869               | 6020                | 5.294
Ronni                | 59798               | 5714                | 10.465
Marice               | 98693               | 563                 | 175.298
Johann               | 33085               | 5888                | 5.619
Jonis                | 2831                | 6783                | 0.417
Niki                 | 3163                | 7648                | 0.414
Laurie               | 77390               | 35                  | 2211.143
Graig                | 10418               | 302                 | 34.497
Yelena               | 15733               | 3617                | 4.350
Johnny               | 45466               | 250                 | 181.864
Alvan                | 47884               | 8411                | 5.693
Renato               | 51489               | 6079                | 8.470
Katharine            | 42480               | 9207                | 4.614
Boigie               | 79959               | 1345                | 59.449
Chrissy              | 57614               | 643                 | 89.602
Ronalda              | 97151               | 9767                | 9.947
Fanchon              | 90783               | 6364                | 14.265
Nolie                | 89584               | 5986                | 14.966
Leonhard             | 58023               | 3903                | 14.866
Libbey               | 21499               | 3866                | 5.561
Betteann             | 23004               | 4001                | 5.750
Kennie               | 83335               | 1959                | 42.540
Seline               | 83398               | 6031                | 13.828
Estrellita           | 62255               | 1419                | 43.872
Leona                | 70534               | 9555                | 7.382
Chelsey              | 70094               | 8218                | 8.529
Currey               | 44953               | 6149                | 7.311
Cherlyn              | 32212               | 9862                | 3.266
Nelli                | 98805               | 7812                | 12.648
Sibilla              | 6215                | 8902                | 0.698
Curry                | 58089               | 9970                | 5.826
Nita                 | 96118               | 596                 | 161.272
Farris               | 13580               | 5477                | 2.479
Amabel               | 296                 | 1571                | 0.188
Dewitt               | 89923               | 4241                | 21.203
Lewes                | 10159               | 9714                | 1.046
Evyn                 | 86597               | 2353                | 36.803
Eric                 | 30561               | 6451                | 4.737
Gill                 | 23362               | 4654                | 5.020
Shurlocke            | 32532               | 5539                | 5.873
Wallie               | 68204               | 867                 | 78.667
Gerick               | 14928               | 5671                | 2.632
Scot                 | 72912               | 7987                | 9.129
Lorene               | 46442               | 5603                | 8.289
Lorraine             | 35701               | 5193                | 6.875
Van                  | 72078               | 7333                | 9.829
Grantley             | 57201               | 7498                | 7.629
Sutherlan            | 94764               | 3612                | 26.236
Myrna                | 64447               | 8516                | 7.568
Noll                 | 27127               | 7249                | 3.742
Lynnea               | 95913               | 9377                | 10.229
Leonerd              | 48741               | 9874                | 4.936
Henriette            | 53136               | 2297                | 23.133
Brandy               | 99399               | 4522                | 21.981
Renaldo              | 6801                | 247                 | 27.534
Jaynell              | 31458               | 7531                | 4.177
Tann                 | 7066                | 3869                | 1.826
Viva                 | 52315               | 74                  | 706.959
Ellie                | 49984               | 5896                | 8.478
Dario                | 6754                | 7507                | 0.900
Krystal              | 40620               | 8350                | 4.865
Neel                 | 93982               | 2449                | 38.376
Cathlene             | 60341               | 5528                | 10.916
Trude                | 8221                | 7443                | 1.105
Kayla                | 45026               | 5732                | 7.855
Dacia                | 35074               | 3913                | 8.963
Rea                  | 39532               | 9274                | 4.263
Tedd                 | 49169               | 955                 | 51.486
Thorstein            | 11145               | 3271                | 3.407
Alasdair             | 53148               | 1259                | 42.214
Oby                  | 31844               | 5460                | 5.832
Babita               | 50709               | 453                 | 111.940
Diann                | 19431               | 9459                | 2.054
Joela                | 17694               | 8779                | 2.015
Matias               | 82674               | 2540                | 32.549
Anderson             | 66469               | 3241                | 20.509
Thom                 | 58518               | 3452                | 16.952
Silvain              | 43301               | 2008                | 21.564
Randell              | 33428               | 7014                | 4.766
Tobin                | 40762               | 7481                | 5.449
Brittaney            | 58408               | 5578                | 10.471
Ave                  | 54703               | 6877                | 7.954
Durante              | 36738               | 244                 | 150.566
Pinchas              | 3071                | 1066                | 2.881
Chrissy              | 45622               | 1668                | 27.351
Lawry                | 58004               | 2883                | 20.119
Dorine               | 19120               | 9440                | 2.025
Clim                 | 46968               | 2523                | 18.616
Godfry               | 49858               | 5535                | 9.008
Fraser               | 30876               | 4881                | 6.326
Edward               | 43510               | 2273                | 19.142
Thomasine            | 61733               | 994                 | 62.106
Yetta                | 54762               | 4187                | 13.079
Cheryl               | 2090                | 6936                | 0.301
Shell                | 86298               | 4352                | 19.830
Perry                | 64571               | 4039                | 15.987
Gennie               | 44755               | 4861                | 9.207
Morgan               | 63407               | 9848                | 6.439
Alfie                | 30987               | 3002                | 10.322
Drake                | 92192               | 4172                | 22.098
Gipsy                | 49388               | 1175                | 42.032
Carolyn              | 19544               | 3444                | 5.675
Chrisse              | 74176               | 3641                | 20.372
Algernon             | 20793               | 5643                | 3.685
Rickie               | 99010               | 8621                | 11.485
Marylin              | 34856               | 4983                | 6.995
Amye                 | 36268               | 1152                | 31.483
Bradley              | 39546               | 697                 | 56.737
Jackqueline          | 58481               | 523                 | 111.818
Roselin              | 25561               | 272                 | 93.974
Ysabel               | 81640               | 7837                | 10.417
Karlie               | 16500               | 8378                | 1.969
Harmony              | 54674               | 5306                | 10.304
Allsun               | 15742               | 3760                | 4.187
Dianemarie           | 68877               | 6811                | 10.113
Bartlet              | 18070               | 2282                | 7.918
Carney               | 68088               | 2696                | 25.255
Mitzi                | 39109               | 9466                | 4.132
Calla                | 44183               | 446                 | 99.065
Freeman              | 65427               | 6302                | 10.382
Elwira               | 21527               | 9605                | 2.241
Nanete               | 6486                | 5366                | 1.209
Ellary               | 37338               | 6647                | 5.617
Arline               | 23806               | 884                 | 26.930
Marlena              | 46352               | 9                   | 5150.222
Karlotta             | 4795                | 9300                | 0.516
Deny                 | 77891               | 5497                | 14.170
Avrit                | 83457               | 5296                | 15.758
Roley                | 69608               | 8883                | 7.836
Juliane              | 92185               | 4806                | 19.181
Hercules             | 23125               | 5730                | 4.036
Harold               | 91680               | 8440                | 10.863
Kylie                | 66843               | 6431                | 10.394
Rubetta              | 21179               | 1509                | 14.035
Myca                 | 51465               | 3817                | 13.483
Malanie              | 65141               | 7145                | 9.117
Nels                 | 39151               | 6039                | 6.483
Jilleen              | 54945               | 3790                | 14.497
Melessa              | 29744               | 5742                | 5.180
Amelita              | 55505               | 167                 | 332.365
Mag                  | 70311               | 3616                | 19.444
Billye               | 25324               | 150                 | 168.827
Elijah               | 86381               | 4150                | 20.815
Fanni                | 65172               | 8743                | 7.454
Kenn                 | 8931                | 889                 | 10.046
Branden              | 57834               | 71                  | 814.563
Humfried             | 58038               | 9286                | 6.250
Ellette              | 24654               | 7165                | 3.441
Inness               | 95851               | 2791                | 34.343
Dianna               | 80236               | 3675                | 21.833
Dugald               | 51392               | 5821                | 8.829
Coraline             | 91591               | 4468                | 20.499
Davine               | 1693                | 6341                | 0.267
Veradis              | 443                 | 5270                | 0.084
Antonella            | 18369               | 7825                | 2.347
Mallory              | 55904               | 8421                | 6.639
Danny                | 74493               | 9109                | 8.178
Kylila               | 38757               | 206                 | 188.141
Ethan                | 46787               | 2023                | 23.128
Alanah               | 57319               | 9119                | 6.286
Jason                | 65653               | 3148                | 20.855
Noreen               | 15378               | 7432                | 2.069
Ira                  | 49339               | 2261                | 21.822
Hermy                | 17865               | 2231                | 8.008
Christoffer          | 30048               | 4390                | 6.845
Reta                 | 54695               | 7059                | 7.748
Lynnett              | 47403               | 8570                | 5.531
Vita                 | 80674               | 2716                | 29.703
Kathrine             | 24270               | 1712                | 14.176
Cassandre            | 85826               | 7878                | 10.894
Merissa              | 58482               | 6388                | 9.155
Jacqueline           | 82736               | 2373                | 34.866
Korella              | 42582               | 8992                | 4.736
Modestia             | 75200               | 4395                | 17.110
Sunny                | 70534               | 4305                | 16.384
